1.000000 	 
0.799685 	 
0.278991 	 
-0.353475 	 
-0.844328 	 
-0.996917 	 
-0.750111 	 
-0.202787 	 
0.425779 	 
0.883766 	 
0.987688 	 
0.695913 	 
0.125333 	 
-0.495459 	 
-0.917755 	 
-0.972370 	 
-0.637424 	 
-0.047106 	 
0.562083 	 
0.946085 	 
0.951057 	 
0.575005 	 
-0.031411 	 
-0.625243 	 
-0.968583 	 
-0.923880 	 
-0.509041 	 
0.109734 	 
0.684547 	 
0.985109 	 
0.891007 	 
0.439939 	 
-0.187381 	 
-0.739631 	 
-0.995562 	 
-0.852640 	 
-0.368125 	 
0.263873 	 
0.790155 	 
0.999877 	 
0.809017 	 
0.294040 	 
-0.338738 	 
-0.835807 	 
-0.998027 	 
-0.760406 	 
-0.218143 	 
0.411514 	 
0.876307 	 
0.990024 	 
0.707107 	 
0.140901 	 
-0.481754 	 
-0.911403 	 
-0.975917 	 
-0.649448 	 
-0.062791 	 
0.549023 	 
0.940881 	 
0.955793 	 
0.587785 	 
-0.015707 	 
-0.612907 	 
-0.964557 	 
-0.929776 	 
-0.522499 	 
0.094108 	 
0.673013 	 
0.982287 	 
0.898028 	 
0.453990 	 
-0.171929 	 
-0.728969 	 
-0.993961 	 
-0.860742 	 
-0.382683 	 
0.248690 	 
0.780430 	 
0.999507 	 
0.818150 	 
0.309017 	 
-0.323917 	 
-0.827081 	 
-0.998890 	 
-0.770513 	 
-0.233445 	 
0.397148 	 
0.868632 	 
0.992115 	 
0.718126 	 
0.156434 	 
-0.467930 	 
-0.904827 	 
-0.979223 	 
-0.661312 	 
-0.078459 	 
0.535827 	 
0.935444 	 
0.960294 	 
0.600420 	 
0.000000 	 
-0.575005 	 
-0.940881 	 
-0.964557 	 
-0.637424 	 
-0.078459 	 
0.509041 	 
0.911403 	 
0.982287 	 
0.695913 	 
0.156434 	 
-0.439939 	 
-0.876307 	 
-0.993961 	 
-0.750111 	 
-0.233445 	 
0.368125 	 
0.835807 	 
0.999507 	 
0.799685 	 
0.309017 	 
-0.294040 	 
-0.790155 	 
-0.998890 	 
-0.844328 	 
-0.382683 	 
0.218143 	 
0.739631 	 
0.992115 	 
0.883766 	 
0.453990 	 
-0.140901 	 
-0.684547 	 
-0.979223 	 
-0.917755 	 
-0.522499 	 
0.062791 	 
0.625243 	 
0.960294 	 
0.946085 	 
0.587785 	 
0.015707 	 
-0.562083 	 
-0.935444 	 
-0.968583 	 
-0.649448 	 
-0.094108 	 
0.495459 	 
0.904827 	 
0.985109 	 
0.707107 	 
0.171929 	 
-0.425779 	 
-0.868632 	 
-0.995562 	 
-0.760406 	 
-0.248690 	 
0.353475 	 
0.827081 	 
0.999877 	 
0.809017 	 
0.323917 	 
-0.278991 	 
-0.780430 	 
-0.998027 	 
-0.852640 	 
-0.397148 	 
0.202787 	 
0.728969 	 
0.990024 	 
0.891007 	 
0.467930 	 
-0.125333 	 
-0.673013 	 
-0.975917 	 
-0.923880 	 
-0.535827 	 
0.047106 	 
0.612907 	 
0.955793 	 
0.951057 	 
0.600420 	 
0.031411 	 
-0.549023 	 
-0.929776 	 
-0.972370 	 
-0.661312 	 
-0.109734 	 
0.481754 	 
0.898028 	 
0.987688 	 
0.718126 	 
0.187381 	 
-0.411514 	 
-0.860742 	 
-0.996917 	 
-0.770513 	 
-0.263873 	 
0.338738 	 
0.818150 	 
1.000000 	 
0.818150 	 
0.338738 	 
-0.263873 	 
-0.770513 	 
-0.996917 	 
-0.860742 	 
-0.411514 	 
0.187381 	 
0.718126 	 
0.987688 	 
0.898028 	 
0.481754 	 
-0.109734 	 
-0.661312 	 
-0.972370 	 
-0.929776 	 
-0.549023 	 
0.031411 	 
0.600420 	 
0.951057 	 
0.955793 	 
0.612907 	 
0.047106 	 
-0.535827 	 
-0.923880 	 
-0.975917 	 
-0.673013 	 
-0.125333 	 
0.467930 	 
0.891007 	 
0.990024 	 
0.728969 	 
0.202787 	 
-0.397148 	 
-0.852640 	 
-0.998027 	 
-0.780430 	 
-0.278991 	 
0.323917 	 
0.809017 	 
0.999877 	 
0.827081 	 
0.353475 	 
-0.248690 	 
-0.760406 	 
-0.995562 	 
-0.868632 	 
-0.425779 	 
0.171929 	 
0.707107 	 
0.985109 	 
0.904827 	 
0.495459 	 
-0.094108 	 
-0.649448 	 
-0.968583 	 
-0.935444 	 
-0.562083 	 
0.015707 	 
0.587785 	 
0.946085 	 
0.960294 	 
0.625243 	 
0.062791 	 
-0.522499 	 
-0.917755 	 
-0.979223 	 
-0.684547 	 
-0.140901 	 
0.453990 	 
0.883766 	 
0.992115 	 
0.739631 	 
0.218143 	 
-0.382683 	 
-0.844328 	 
-0.998890 	 
-0.790155 	 
-0.294040 	 
0.309017 	 
0.799685 	 
0.999507 	 
0.835807 	 
0.368125 	 
-0.233445 	 
-0.750111 	 
-0.993961 	 
-0.876307 	 
-0.439939 	 
0.156434 	 
0.695913 	 
0.982287 	 
0.911403 	 
0.509041 	 
-0.078459 	 
-0.637424 	 
-0.964557 	 
-0.940881 	 
-0.575005 	 
0.000000 	 
0.575005 	 
0.940881 	 
0.964557 	 
0.637424 	 
0.078459 	 
-0.509041 	 
-0.911403 	 
-0.982287 	 
-0.695913 	 
-0.156434 	 
0.439939 	 
0.876307 	 
0.993961 	 
0.750111 	 
0.233445 	 
-0.368125 	 
-0.835807 	 
-0.999507 	 
-0.799685 	 
-0.309017 	 
0.294040 	 
0.790155 	 
0.998890 	 
0.844328 	 
0.382683 	 
-0.218143 	 
-0.739631 	 
-0.992115 	 
-0.883766 	 
-0.453990 	 
0.140901 	 
0.684547 	 
0.979223 	 
0.917755 	 
0.522499 	 
-0.062791 	 
-0.625243 	 
-0.960294 	 
-0.946085 	 
-0.587785 	 
-0.015707 	 
0.562083 	 
0.935444 	 
0.968583 	 
0.649448 	 
0.094108 	 
-0.495459 	 
-0.904827 	 
-0.985109 	 
-0.707107 	 
-0.171929 	 
0.425779 	 
0.868632 	 
0.995562 	 
0.760406 	 
0.248690 	 
-0.353475 	 
-0.827081 	 
-0.999877 	 
-0.809017 	 
-0.323917 	 
0.278991 	 
0.780430 	 
0.998027 	 
0.852640 	 
0.397148 	 
-0.202787 	 
-0.728969 	 
-0.990024 	 
-0.891007 	 
-0.467930 	 
0.125333 	 
0.673013 	 
0.975917 	 
0.923880 	 
0.535827 	 
-0.047106 	 
-0.612907 	 
-0.955793 	 
-0.951057 	 
-0.600420 	 
-0.031411 	 
0.549023 	 
0.929776 	 
0.972370 	 
0.661312 	 
0.109734 	 
-0.481754 	 
-0.898028 	 
-0.987688 	 
-0.718126 	 
-0.187381 	 
0.411514 	 
0.860742 	 
0.996917 	 
0.770513 	 
0.263873 	 
-0.338738 	 
-0.818150 	 
-1.000000 	 
-0.818150 	 
-0.338738 	 
0.263873 	 
0.770513 	 
0.996917 	 
0.860742 	 
0.411514 	 
-0.187381 	 
-0.718126 	 
-0.987688 	 
-0.898028 	 
-0.481754 	 
0.109734 	 
0.661312 	 
0.972370 	 
0.929776 	 
0.549023 	 
-0.031411 	 
-0.600420 	 
-0.951057 	 
-0.955793 	 
-0.612907 	 
-0.047106 	 
0.535827 	 
0.923880 	 
0.975917 	 
0.673013 	 
0.125333 	 
-0.467930 	 
-0.891007 	 
-0.990024 	 
-0.728969 	 
-0.202787 	 
0.397148 	 
0.852640 	 
0.998027 	 
0.780430 	 
0.278991 	 
-0.323917 	 
-0.809017 	 
-0.999877 	 
-0.827081 	 
-0.353475 	 
0.248690 	 
0.760406 	 
0.995562 	 
0.868632 	 
0.425779 	 
-0.171929 	 
-0.707107 	 
-0.985109 	 
-0.904827 	 
-0.495459 	 
0.094108 	 
0.649448 	 
0.968583 	 
0.935444 	 
0.562083 	 
-0.015707 	 
-0.587785 	 
-0.946085 	 
-0.960294 	 
-0.625243 	 
-0.062791 	 
0.522499 	 
0.917755 	 
0.979223 	 
0.684547 	 
0.140901 	 
-0.453990 	 
-0.883766 	 
-0.992115 	 
-0.739631 	 
-0.218143 	 
0.382683 	 
0.844328 	 
0.998890 	 
0.790155 	 
0.294040 	 
-0.309017 	 
-0.799685 	 
-0.999507 	 
-0.835807 	 
-0.368125 	 
0.233445 	 
0.750111 	 
0.993961 	 
0.876307 	 
0.439939 	 
-0.156434 	 
-0.695913 	 
-0.982287 	 
-0.911403 	 
-0.509041 	 
0.078459 	 
0.637424 	 
0.964557 	 
0.940881 	 
0.575005 	 
-0.000000 	 
-0.600420 	 
-0.960294 	 
-0.935444 	 
-0.535827 	 
0.078459 	 
0.661312 	 
0.979223 	 
0.904827 	 
0.467930 	 
-0.156434 	 
-0.718126 	 
-0.992115 	 
-0.868632 	 
-0.397148 	 
0.233445 	 
0.770513 	 
0.998890 	 
0.827081 	 
0.323917 	 
-0.309017 	 
-0.818150 	 
-0.999507 	 
-0.780430 	 
-0.248690 	 
0.382683 	 
0.860742 	 
0.993961 	 
0.728969 	 
0.171929 	 
-0.453990 	 
-0.898028 	 
-0.982287 	 
-0.673013 	 
-0.094108 	 
0.522499 	 
0.929776 	 
0.964557 	 
0.612907 	 
0.015707 	 
-0.587785 	 
-0.955793 	 
-0.940881 	 
-0.549023 	 
0.062791 	 
0.649448 	 
0.975917 	 
0.911403 	 
0.481754 	 
-0.140901 	 
-0.707107 	 
-0.990024 	 
-0.876307 	 
-0.411514 	 
0.218143 	 
0.760406 	 
0.998027 	 
0.835807 	 
0.338738 	 
-0.294040 	 
-0.809017 	 
-0.999877 	 
-0.790155 	 
-0.263873 	 
0.368125 	 
0.852640 	 
0.995562 	 
0.739631 	 
0.187381 	 
-0.439939 	 
-0.891007 	 
-0.985109 	 
-0.684547 	 
-0.109734 	 
0.509041 	 
0.923880 	 
0.968583 	 
0.625243 	 
0.031411 	 
-0.575005 	 
-0.951057 	 
-0.946085 	 
-0.562083 	 
0.047106 	 
0.637424 	 
0.972370 	 
0.917755 	 
0.495459 	 
-0.125333 	 
-0.695913 	 
-0.987688 	 
-0.883766 	 
-0.425779 	 
0.202787 	 
0.750111 	 
0.996917 	 
0.844328 	 
0.353475 	 
-0.278991 	 
-0.799685 	 
-1.000000 	 
-0.799685 	 
-0.278991 	 
0.353475 	 
0.844328 	 
0.996917 	 
0.750111 	 
0.202787 	 
-0.425779 	 
-0.883766 	 
-0.987688 	 
-0.695913 	 
-0.125333 	 
0.495459 	 
0.917755 	 
0.972370 	 
0.637424 	 
0.047106 	 
-0.562083 	 
-0.946085 	 
-0.951057 	 
-0.575005 	 
0.031411 	 
0.625243 	 
0.968583 	 
0.923880 	 
0.509041 	 
-0.109734 	 
-0.684547 	 
-0.985109 	 
-0.891007 	 
-0.439939 	 
0.187381 	 
0.739631 	 
0.995562 	 
0.852640 	 
0.368125 	 
-0.263873 	 
-0.790155 	 
-0.999877 	 
-0.809017 	 
-0.294040 	 
0.338738 	 
0.835807 	 
0.998027 	 
0.760406 	 
0.218143 	 
-0.411514 	 
-0.876307 	 
-0.990024 	 
-0.707107 	 
-0.140901 	 
0.481754 	 
0.911403 	 
0.975917 	 
0.649448 	 
0.062791 	 
-0.549023 	 
-0.940881 	 
-0.955793 	 
-0.587785 	 
0.015707 	 
0.612907 	 
0.964557 	 
0.929776 	 
0.522499 	 
-0.094108 	 
-0.673013 	 
-0.982287 	 
-0.898028 	 
-0.453990 	 
0.171929 	 
0.728969 	 
0.993961 	 
0.860742 	 
0.382683 	 
-0.248690 	 
-0.780430 	 
-0.999507 	 
-0.818150 	 
-0.309017 	 
0.323917 	 
0.827081 	 
0.998890 	 
0.770513 	 
0.233445 	 
-0.397148 	 
-0.868632 	 
-0.992115 	 
-0.718126 	 
-0.156434 	 
0.467930 	 
0.904827 	 
0.979223 	 
0.661312 	 
0.078459 	 
-0.535827 	 
-0.935444 	 
-0.960294 	 
-0.600420 	 
0.000000 	 
0.600420 	 
0.960294 	 
0.935444 	 
0.535827 	 
-0.078459 	 
-0.661312 	 
-0.979223 	 
-0.904827 	 
-0.467930 	 
0.156434 	 
0.718126 	 
0.992115 	 
0.868632 	 
0.397148 	 
-0.233445 	 
-0.770513 	 
-0.998890 	 
-0.827081 	 
-0.323917 	 
0.309017 	 
0.818150 	 
0.999507 	 
0.780430 	 
0.248690 	 
-0.382683 	 
-0.860742 	 
-0.993961 	 
-0.728969 	 
-0.171929 	 
0.453990 	 
0.898028 	 
0.982287 	 
0.673013 	 
0.094108 	 
-0.522499 	 
-0.929776 	 
-0.964557 	 
-0.612907 	 
-0.015707 	 
0.587785 	 
0.955793 	 
0.940881 	 
0.549023 	 
-0.062791 	 
-0.649448 	 
-0.975917 	 
-0.911403 	 
-0.481754 	 
0.140901 	 
0.707107 	 
0.990024 	 
0.876307 	 
0.411514 	 
-0.218143 	 
-0.760406 	 
-0.998027 	 
-0.835807 	 
-0.338738 	 
0.294040 	 
0.809017 	 
0.999877 	 
0.790155 	 
0.263873 	 
-0.368125 	 
-0.852640 	 
-0.995562 	 
-0.739631 	 
-0.187381 	 
0.439939 	 
0.891007 	 
0.985109 	 
0.684547 	 
0.109734 	 
-0.509041 	 
-0.923880 	 
-0.968583 	 
-0.625243 	 
-0.031411 	 
0.575005 	 
0.951057 	 
0.946085 	 
0.562083 	 
-0.047106 	 
-0.637424 	 
-0.972370 	 
-0.917755 	 
-0.495459 	 
0.125333 	 
0.695913 	 
0.987688 	 
0.883766 	 
0.425779 	 
-0.202787 	 
-0.750111 	 
-0.996917 	 
-0.844328 	 
-0.353475 	 
0.278991 	 
0.799685 	 
1.000000 	 
0.818150 	 
0.338738 	 
-0.263873 	 
-0.770513 	 
-0.996917 	 
-0.860742 	 
-0.411514 	 
0.187381 	 
0.718126 	 
0.987688 	 
0.898028 	 
0.481754 	 
-0.109734 	 
-0.661312 	 
-0.972370 	 
-0.929776 	 
-0.549023 	 
0.031411 	 
0.600420 	 
0.951057 	 
0.955793 	 
0.612907 	 
0.047106 	 
-0.535827 	 
-0.923880 	 
-0.975917 	 
-0.673013 	 
-0.125333 	 
0.467930 	 
0.891007 	 
0.990024 	 
0.728969 	 
0.202787 	 
-0.397148 	 
-0.852640 	 
-0.998027 	 
-0.780430 	 
-0.278991 	 
0.323917 	 
0.809017 	 
0.999877 	 
0.827081 	 
0.353475 	 
-0.248690 	 
-0.760406 	 
-0.995562 	 
-0.868632 	 
-0.425779 	 
0.171929 	 
0.707107 	 
0.985109 	 
0.904827 	 
0.495459 	 
-0.094108 	 
-0.649448 	 
-0.968583 	 
-0.935444 	 
-0.562083 	 
0.015707 	 
0.587785 	 
0.946085 	 
0.960294 	 
0.625243 	 
0.062791 	 
-0.522499 	 
-0.917755 	 
-0.979223 	 
-0.684547 	 
-0.140901 	 
0.453990 	 
0.883766 	 
0.992115 	 
0.739631 	 
0.218143 	 
-0.382683 	 
-0.844328 	 
-0.998890 	 
-0.790155 	 
-0.294040 	 
0.309017 	 
0.799685 	 
0.999507 	 
0.835807 	 
0.368125 	 
-0.233445 	 
-0.750111 	 
-0.993961 	 
-0.876307 	 
-0.439939 	 
0.156434 	 
0.695913 	 
0.982287 	 
0.911403 	 
0.509041 	 
-0.078459 	 
-0.637424 	 
-0.964557 	 
-0.940881 	 
-0.575005 	 
0.000000 	 
0.600420 	 
0.960294 	 
0.935444 	 
0.535827 	 
-0.078459 	 
-0.661312 	 
-0.979223 	 
-0.904827 	 
-0.467930 	 
0.156434 	 
0.718126 	 
0.992115 	 
0.868632 	 
0.397148 	 
-0.233445 	 
-0.770513 	 
-0.998890 	 
-0.827081 	 
-0.323917 	 
0.309017 	 
0.818150 	 
0.999507 	 
0.780430 	 
0.248690 	 
-0.382683 	 
-0.860742 	 
-0.993961 	 
-0.728969 	 
-0.171929 	 
0.453990 	 
0.898028 	 
0.982287 	 
0.673013 	 
0.094108 	 
-0.522499 	 
-0.929776 	 
-0.964557 	 
-0.612907 	 
-0.015707 	 
0.587785 	 
0.955793 	 
0.940881 	 
0.549023 	 
-0.062791 	 
-0.649448 	 
-0.975917 	 
-0.911403 	 
-0.481754 	 
0.140901 	 
0.707107 	 
0.990024 	 
0.876307 	 
0.411514 	 
-0.218143 	 
-0.760406 	 
-0.998027 	 
-0.835807 	 
-0.338738 	 
0.294040 	 
0.809017 	 
0.999877 	 
0.790155 	 
0.263873 	 
-0.368125 	 
-0.852640 	 
-0.995562 	 
-0.739631 	 
-0.187381 	 
0.439939 	 
0.891007 	 
0.985109 	 
0.684547 	 
0.109734 	 
-0.509041 	 
-0.923880 	 
-0.968583 	 
-0.625243 	 
-0.031411 	 
0.575005 	 
0.951057 	 
0.946085 	 
0.562083 	 
-0.047106 	 
-0.637424 	 
-0.972370 	 
-0.917755 	 
-0.495459 	 
0.125333 	 
0.695913 	 
0.987688 	 
0.883766 	 
0.425779 	 
-0.202787 	 
-0.750111 	 
-0.996917 	 
-0.844328 	 
-0.353475 	 
0.278991 	 
0.799685 	 
